,0,1,2,3,4,5
0,13.400072377,10.0.0.9,10.0.0.11,UDP,1042,38380 → 43355 Len=1000
1,13.400089862,10.0.0.5,10.0.0.11,UDP,1042,54689 → 43355 Len=1000
2,13.400180759,10.0.0.3,10.0.0.11,UDP,1042,60815 → 43355 Len=1000
3,13.400318741,10.0.0.10,10.0.0.11,UDP,1042,50757 → 43355 Len=1000
4,13.400959869,10.0.0.8,10.0.0.11,UDP,1042,54374 → 43355 Len=1000
5,13.401068498,10.0.0.2,10.0.0.11,UDP,1042,54797 → 43355 Len=1000
6,13.401177121,10.0.0.6,10.0.0.11,UDP,1042,60216 → 43355 Len=1000
7,13.401365854,10.0.0.1,10.0.0.11,UDP,1042,57557 → 43355 Len=1000
8,13.401383240,10.0.0.3,10.0.0.11,UDP,1042,60815 → 43355 Len=1000
9,13.401475690,10.0.0.7,10.0.0.11,UDP,1042,48543 → 43355 Len=1000
10,13.401913901,10.0.0.10,10.0.0.11,UDP,1042,50757 → 43355 Len=1000
11,13.402373631,10.0.0.4,10.0.0.11,UDP,1042,40625 → 43355 Len=1000
12,13.402492729,10.0.0.5,10.0.0.11,UDP,1042,54689 → 43355 Len=1000
13,13.402933269,10.0.0.9,10.0.0.11,UDP,1042,38380 → 43355 Len=1000
14,13.402951344,10.0.0.3,10.0.0.11,UDP,1042,60815 → 43355 Len=1000
15,13.402967023,10.0.0.6,10.0.0.11,UDP,1042,60216 → 43355 Len=1000
16,13.403037818,10.0.0.10,10.0.0.11,UDP,1042,50757 → 43355 Len=1000
17,13.403492236,10.0.0.2,10.0.0.11,UDP,1042,54797 → 43355 Len=1000
18,13.403619223,10.0.0.4,10.0.0.11,UDP,1042,40625 → 43355 Len=1000
19,13.403968880,10.0.0.8,10.0.0.11,UDP,1042,54374 → 43355 Len=1000
20,13.404094110,10.0.0.1,10.0.0.11,UDP,1042,57557 → 43355 Len=1000
21,13.404344718,10.0.0.7,10.0.0.11,UDP,1042,48543 → 43355 Len=1000
22,13.404394630,10.0.0.6,10.0.0.11,UDP,1042,60216 → 43355 Len=1000
23,13.404485406,10.0.0.5,10.0.0.11,UDP,1042,54689 → 43355 Len=1000
24,13.405231733,10.0.0.2,10.0.0.11,UDP,1042,54797 → 43355 Len=1000
25,13.405282186,10.0.0.9,10.0.0.11,UDP,1042,38380 → 43355 Len=1000
26,13.405574700,10.0.0.8,10.0.0.11,UDP,1042,54374 → 43355 Len=1000
27,13.405596098,10.0.0.7,10.0.0.11,UDP,1042,48543 → 43355 Len=1000
28,13.405867290,10.0.0.3,10.0.0.11,UDP,1042,60815 → 43355 Len=1000
29,13.405953376,10.0.0.10,10.0.0.11,UDP,1042,50757 → 43355 Len=1000
30,13.406254569,10.0.0.5,10.0.0.11,UDP,1042,54689 → 43355 Len=1000
31,13.406595065,10.0.0.4,10.0.0.11,UDP,1042,40625 → 43355 Len=1000
32,13.406748407,10.0.0.1,10.0.0.11,UDP,1042,57557 → 43355 Len=1000
33,13.406851179,10.0.0.8,10.0.0.11,UDP,1042,54374 → 43355 Len=1000
34,13.406956328,10.0.0.6,10.0.0.11,UDP,1042,60216 → 43355 Len=1000
35,13.407252337,10.0.0.9,10.0.0.11,UDP,1042,38380 → 43355 Len=1000
36,13.407514220,10.0.0.2,10.0.0.11,UDP,1042,54797 → 43355 Len=1000
37,13.408019222,10.0.0.8,10.0.0.11,UDP,1042,54374 → 43355 Len=1000
38,13.408125544,10.0.0.5,10.0.0.11,UDP,1042,54689 → 43355 Len=1000
39,13.408348814,10.0.0.3,10.0.0.11,UDP,1042,60815 → 43355 Len=1000
40,13.408497775,10.0.0.7,10.0.0.11,UDP,1042,48543 → 43355 Len=1000
41,13.408811794,10.0.0.1,10.0.0.11,UDP,1042,57557 → 43355 Len=1000
42,13.409008873,10.0.0.2,10.0.0.11,UDP,1042,54797 → 43355 Len=1000
43,13.409031901,10.0.0.10,10.0.0.11,UDP,1042,50757 → 43355 Len=1000
44,13.409294940,10.0.0.9,10.0.0.11,UDP,1042,38380 → 43355 Len=1000
45,13.409318241,10.0.0.4,10.0.0.11,UDP,1042,40625 → 43355 Len=1000
46,13.409448914,10.0.0.6,10.0.0.11,UDP,1042,60216 → 43355 Len=1000
47,13.409675109,10.0.0.3,10.0.0.11,UDP,1042,60815 → 43355 Len=1000
48,13.409693752,10.0.0.7,10.0.0.11,UDP,1042,48543 → 43355 Len=1000
49,13.409709673,10.0.0.5,10.0.0.11,UDP,1042,54689 → 43355 Len=1000
50,13.409911718,10.0.0.8,10.0.0.11,UDP,1042,54374 → 43355 Len=1000
51,13.410671085,10.0.0.9,10.0.0.11,UDP,1042,38380 → 43355 Len=1000
52,13.410850766,10.0.0.6,10.0.0.11,UDP,1042,60216 → 43355 Len=1000
53,13.411119524,10.0.0.7,10.0.0.11,UDP,1042,48543 → 43355 Len=1000
54,13.411294010,10.0.0.10,10.0.0.11,UDP,1042,50757 → 43355 Len=1000
55,13.411459146,10.0.0.5,10.0.0.11,UDP,1042,54689 → 43355 Len=1000
56,13.411568362,10.0.0.1,10.0.0.11,UDP,1042,57557 → 43355 Len=1000
57,13.411804162,10.0.0.4,10.0.0.11,UDP,1042,40625 → 43355 Len=1000
58,13.411921744,10.0.0.3,10.0.0.11,UDP,1042,60815 → 43355 Len=1000
59,13.412025946,10.0.0.2,10.0.0.11,UDP,1042,54797 → 43355 Len=1000
60,13.412711991,10.0.0.6,10.0.0.11,UDP,1042,60216 → 43355 Len=1000
61,13.412733874,10.0.0.8,10.0.0.11,UDP,1042,54374 → 43355 Len=1000
62,13.412894443,10.0.0.7,10.0.0.11,UDP,1042,48543 → 43355 Len=1000
63,13.412915233,10.0.0.9,10.0.0.11,UDP,1042,38380 → 43355 Len=1000
64,13.412933601,10.0.0.5,10.0.0.11,UDP,1042,54689 → 43355 Len=1000
65,13.413889866,10.0.0.6,10.0.0.11,UDP,1042,60216 → 43355 Len=1000
66,13.414016931,10.0.0.1,10.0.0.11,UDP,1042,57557 → 43355 Len=1000
67,13.414036823,10.0.0.5,10.0.0.11,UDP,1042,54689 → 43355 Len=1000
68,13.414059207,10.0.0.10,10.0.0.11,UDP,1042,50757 → 43355 Len=1000
69,13.414142492,10.0.0.4,10.0.0.11,UDP,1042,40625 → 43355 Len=1000
70,13.414519355,10.0.0.8,10.0.0.11,UDP,1042,54374 → 43355 Len=1000
71,13.414541762,10.0.0.3,10.0.0.11,UDP,1042,60815 → 43355 Len=1000
72,13.415009997,10.0.0.2,10.0.0.11,UDP,1042,54797 → 43355 Len=1000
73,13.415031151,10.0.0.9,10.0.0.11,UDP,1042,38380 → 43355 Len=1000
74,13.415672144,10.0.0.1,10.0.0.11,UDP,1042,57557 → 43355 Len=1000
75,13.415773062,10.0.0.8,10.0.0.11,UDP,1042,54374 → 43355 Len=1000
76,13.415882631,10.0.0.4,10.0.0.11,UDP,1042,40625 → 43355 Len=1000
77,13.415907441,10.0.0.7,10.0.0.11,UDP,1042,48543 → 43355 Len=1000
78,13.417358411,10.0.0.5,10.0.0.11,UDP,1042,54689 → 43355 Len=1000
79,13.417408559,10.0.0.6,10.0.0.11,UDP,1042,60216 → 43355 Len=1000
80,13.417447376,10.0.0.10,10.0.0.11,UDP,1042,50757 → 43355 Len=1000
81,13.417498845,10.0.0.3,10.0.0.11,UDP,1042,60815 → 43355 Len=1000
82,13.417533226,10.0.0.9,10.0.0.11,UDP,1042,38380 → 43355 Len=1000
83,13.417564902,10.0.0.2,10.0.0.11,UDP,1042,54797 → 43355 Len=1000
84,13.417594633,10.0.0.7,10.0.0.11,UDP,1042,48543 → 43355 Len=1000
85,13.417624716,10.0.0.1,10.0.0.11,UDP,1042,57557 → 43355 Len=1000
86,13.417950108,10.0.0.8,10.0.0.11,UDP,1042,54374 → 43355 Len=1000
87,13.418712155,10.0.0.4,10.0.0.11,UDP,1042,40625 → 43355 Len=1000
88,13.418813492,10.0.0.3,10.0.0.11,UDP,1042,60815 → 43355 Len=1000
89,13.418845800,10.0.0.10,10.0.0.11,UDP,1042,50757 → 43355 Len=1000
90,13.418876538,10.0.0.6,10.0.0.11,UDP,1042,60216 → 43355 Len=1000
91,13.418917279,10.0.0.5,10.0.0.11,UDP,1042,54689 → 43355 Len=1000
92,13.418951371,10.0.0.9,10.0.0.11,UDP,1042,38380 → 43355 Len=1000
93,13.419183965,10.0.0.7,10.0.0.11,UDP,1042,48543 → 43355 Len=1000
94,13.419944906,10.0.0.3,10.0.0.11,UDP,1042,60815 → 43355 Len=1000
95,13.420252202,10.0.0.1,10.0.0.11,UDP,1042,57557 → 43355 Len=1000
96,13.420369076,10.0.0.5,10.0.0.11,UDP,1042,54689 → 43355 Len=1000
97,13.420580708,10.0.0.2,10.0.0.11,UDP,1042,54797 → 43355 Len=1000
98,13.421353310,10.0.0.10,10.0.0.11,UDP,1042,50757 → 43355 Len=1000
99,13.421426546,10.0.0.8,10.0.0.11,UDP,1042,54374 → 43355 Len=1000
100,13.421459751,10.0.0.9,10.0.0.11,UDP,1042,38380 → 43355 Len=1000
101,13.421486177,10.0.0.3,10.0.0.11,UDP,1042,60815 → 43355 Len=1000
102,13.421547425,10.0.0.4,10.0.0.11,UDP,1042,40625 → 43355 Len=1000
103,13.421761499,10.0.0.6,10.0.0.11,UDP,1042,60216 → 43355 Len=1000
104,13.422025117,10.0.0.1,10.0.0.11,UDP,1042,57557 → 43355 Len=1000
105,13.422371418,10.0.0.7,10.0.0.11,UDP,1042,48543 → 43355 Len=1000
106,13.422970177,10.0.0.10,10.0.0.11,UDP,1042,50757 → 43355 Len=1000
107,13.423002783,10.0.0.8,10.0.0.11,UDP,1042,54374 → 43355 Len=1000
108,13.423077767,10.0.0.5,10.0.0.11,UDP,1042,54689 → 43355 Len=1000
109,13.423107055,10.0.0.4,10.0.0.11,UDP,1042,40625 → 43355 Len=1000
110,13.423294411,10.0.0.2,10.0.0.11,UDP,1042,54797 → 43355 Len=1000
111,13.423440394,10.0.0.3,10.0.0.11,UDP,1042,60815 → 43355 Len=1000
112,13.423469084,10.0.0.9,10.0.0.11,UDP,1042,38380 → 43355 Len=1000
113,13.423920016,10.0.0.6,10.0.0.11,UDP,1042,60216 → 43355 Len=1000
114,13.423995048,10.0.0.1,10.0.0.11,UDP,1042,57557 → 43355 Len=1000
115,13.424308037,10.0.0.10,10.0.0.11,UDP,1042,50757 → 43355 Len=1000
116,13.424604488,10.0.0.2,10.0.0.11,UDP,1042,54797 → 43355 Len=1000
117,13.424945263,10.0.0.4,10.0.0.11,UDP,1042,40625 → 43355 Len=1000
118,13.425241604,10.0.0.7,10.0.0.11,UDP,1042,48543 → 43355 Len=1000
119,13.425357116,10.0.0.5,10.0.0.11,UDP,1042,54689 → 43355 Len=1000
120,13.425385611,10.0.0.8,10.0.0.11,UDP,1042,54374 → 43355 Len=1000
121,13.425524035,10.0.0.9,10.0.0.11,UDP,1042,38380 → 43355 Len=1000
122,13.425628115,10.0.0.3,10.0.0.11,UDP,1042,60815 → 43355 Len=1000
123,13.426090318,10.0.0.1,10.0.0.11,UDP,1042,57557 → 43355 Len=1000
124,13.426572694,10.0.0.7,10.0.0.11,UDP,1042,48543 → 43355 Len=1000
125,13.426596617,10.0.0.4,10.0.0.11,UDP,1042,40625 → 43355 Len=1000
126,13.426764236,10.0.0.2,10.0.0.11,UDP,1042,54797 → 43355 Len=1000
127,13.426926062,10.0.0.6,10.0.0.11,UDP,1042,60216 → 43355 Len=1000
128,13.427103727,10.0.0.10,10.0.0.11,UDP,1042,50757 → 43355 Len=1000
129,13.427264502,10.0.0.3,10.0.0.11,UDP,1042,60815 → 43355 Len=1000
130,13.427639636,10.0.0.1,10.0.0.11,UDP,1042,57557 → 43355 Len=1000
131,13.428083776,10.0.0.8,10.0.0.11,UDP,1042,54374 → 43355 Len=1000
132,13.428256475,10.0.0.6,10.0.0.11,UDP,1042,60216 → 43355 Len=1000
133,13.428279829,10.0.0.9,10.0.0.11,UDP,1042,38380 → 43355 Len=1000
134,13.428388037,10.0.0.5,10.0.0.11,UDP,1042,54689 → 43355 Len=1000
135,13.428633881,10.0.0.2,10.0.0.11,UDP,1042,54797 → 43355 Len=1000
136,13.429002305,10.0.0.7,10.0.0.11,UDP,1042,48543 → 43355 Len=1000
137,13.429051397,10.0.0.3,10.0.0.11,UDP,1042,60815 → 43355 Len=1000
138,13.429102413,10.0.0.10,10.0.0.11,UDP,1042,50757 → 43355 Len=1000
139,13.429212083,10.0.0.4,10.0.0.11,UDP,1042,40625 → 43355 Len=1000
140,13.429453507,10.0.0.1,10.0.0.11,UDP,1042,57557 → 43355 Len=1000
141,13.429824937,10.0.0.8,10.0.0.11,UDP,1042,54374 → 43355 Len=1000
142,13.429898278,10.0.0.6,10.0.0.11,UDP,1042,60216 → 43355 Len=1000
143,13.430110552,10.0.0.7,10.0.0.11,UDP,1042,48543 → 43355 Len=1000
144,13.430400110,10.0.0.2,10.0.0.11,UDP,1042,54797 → 43355 Len=1000
145,13.430694142,10.0.0.3,10.0.0.11,UDP,1042,60815 → 43355 Len=1000
146,13.430888584,10.0.0.4,10.0.0.11,UDP,1042,40625 → 43355 Len=1000
147,13.430921198,10.0.0.9,10.0.0.11,UDP,1042,38380 → 43355 Len=1000
148,13.431089467,10.0.0.5,10.0.0.11,UDP,1042,54689 → 43355 Len=1000
149,13.431193658,10.0.0.6,10.0.0.11,UDP,1042,60216 → 43355 Len=1000
150,13.431604062,10.0.0.8,10.0.0.11,UDP,1042,54374 → 43355 Len=1000
151,13.432138715,10.0.0.10,10.0.0.11,UDP,1042,50757 → 43355 Len=1000
152,13.432173764,10.0.0.1,10.0.0.11,UDP,1042,57557 → 43355 Len=1000
153,13.432285014,10.0.0.2,10.0.0.11,UDP,1042,54797 → 43355 Len=1000
154,13.432616482,10.0.0.3,10.0.0.11,UDP,1042,60815 → 43355 Len=1000
155,13.432783695,10.0.0.9,10.0.0.11,UDP,1042,38380 → 43355 Len=1000
156,13.432891484,10.0.0.6,10.0.0.11,UDP,1042,60216 → 43355 Len=1000
157,13.433022962,10.0.0.7,10.0.0.11,UDP,1042,48543 → 43355 Len=1000
158,13.433423232,10.0.0.4,10.0.0.11,UDP,1042,40625 → 43355 Len=1000
159,13.433448647,10.0.0.2,10.0.0.11,UDP,1042,54797 → 43355 Len=1000
160,13.433798299,10.0.0.5,10.0.0.11,UDP,1042,54689 → 43355 Len=1000
161,13.433823882,10.0.0.1,10.0.0.11,UDP,1042,57557 → 43355 Len=1000
162,13.433961973,10.0.0.9,10.0.0.11,UDP,1042,38380 → 43355 Len=1000
163,13.434109512,10.0.0.6,10.0.0.11,UDP,1042,60216 → 43355 Len=1000
164,13.434132963,10.0.0.8,10.0.0.11,UDP,1042,54374 → 43355 Len=1000
165,13.434325103,10.0.0.3,10.0.0.11,UDP,1042,60815 → 43355 Len=1000
166,13.434854514,10.0.0.4,10.0.0.11,UDP,1042,40625 → 43355 Len=1000
167,13.434968090,10.0.0.10,10.0.0.11,UDP,1042,50757 → 43355 Len=1000
168,13.435351993,10.0.0.7,10.0.0.11,UDP,1042,48543 → 43355 Len=1000
169,13.435456360,10.0.0.3,10.0.0.11,UDP,1042,60815 → 43355 Len=1000
170,13.435600435,10.0.0.8,10.0.0.11,UDP,1042,54374 → 43355 Len=1000
171,13.435733046,10.0.0.9,10.0.0.11,UDP,1042,38380 → 43355 Len=1000
172,13.435941879,10.0.0.2,10.0.0.11,UDP,1042,54797 → 43355 Len=1000
173,13.436012954,10.0.0.5,10.0.0.11,UDP,1042,54689 → 43355 Len=1000
174,13.436285812,10.0.0.1,10.0.0.11,UDP,1042,57557 → 43355 Len=1000
175,13.436727014,10.0.0.4,10.0.0.11,UDP,1042,40625 → 43355 Len=1000
176,13.436826301,10.0.0.7,10.0.0.11,UDP,1042,48543 → 43355 Len=1000
177,13.436894597,10.0.0.3,10.0.0.11,UDP,1042,60815 → 43355 Len=1000
178,13.436936722,10.0.0.6,10.0.0.11,UDP,1042,60216 → 43355 Len=1000
179,13.437201167,10.0.0.10,10.0.0.11,UDP,1042,50757 → 43355 Len=1000
180,13.437515421,10.0.0.8,10.0.0.11,UDP,1042,54374 → 43355 Len=1000
181,13.437546348,10.0.0.5,10.0.0.11,UDP,1042,54689 → 43355 Len=1000
182,13.437691239,10.0.0.1,10.0.0.11,UDP,1042,57557 → 43355 Len=1000
183,13.438136576,10.0.0.4,10.0.0.11,UDP,1042,40625 → 43355 Len=1000
184,13.438161260,10.0.0.6,10.0.0.11,UDP,1042,60216 → 43355 Len=1000
185,13.438187030,10.0.0.2,10.0.0.11,UDP,1042,54797 → 43355 Len=1000
186,13.438403162,10.0.0.9,10.0.0.11,UDP,1042,38380 → 43355 Len=1000
187,13.438818691,10.0.0.10,10.0.0.11,UDP,1042,50757 → 43355 Len=1000
188,13.439020058,10.0.0.7,10.0.0.11,UDP,1042,48543 → 43355 Len=1000
189,13.439119934,10.0.0.1,10.0.0.11,UDP,1042,57557 → 43355 Len=1000
190,13.439143439,10.0.0.8,10.0.0.11,UDP,1042,54374 → 43355 Len=1000
191,13.439308135,10.0.0.5,10.0.0.11,UDP,1042,54689 → 43355 Len=1000
192,13.439537623,10.0.0.3,10.0.0.11,UDP,1042,60815 → 43355 Len=1000
193,13.441089109,10.0.0.7,10.0.0.11,UDP,1042,48543 → 43355 Len=1000
194,13.441126832,10.0.0.8,10.0.0.11,UDP,1042,54374 → 43355 Len=1000
195,13.441157300,10.0.0.9,10.0.0.11,UDP,1042,38380 → 43355 Len=1000
196,13.441209566,10.0.0.4,10.0.0.11,UDP,1042,40625 → 43355 Len=1000
197,13.441242376,10.0.0.10,10.0.0.11,UDP,1042,50757 → 43355 Len=1000
198,13.441288322,10.0.0.6,10.0.0.11,UDP,1042,60216 → 43355 Len=1000
199,13.441340217,10.0.0.1,10.0.0.11,UDP,1042,57557 → 43355 Len=1000
200,13.441372405,10.0.0.2,10.0.0.11,UDP,1042,54797 → 43355 Len=1000
201,13.441691301,10.0.0.5,10.0.0.11,UDP,1042,54689 → 43355 Len=1000
202,13.441727297,10.0.0.3,10.0.0.11,UDP,1042,60815 → 43355 Len=1000
203,13.442522635,10.0.0.9,10.0.0.11,UDP,1042,38380 → 43355 Len=1000
204,13.442644830,10.0.0.1,10.0.0.11,UDP,1042,57557 → 43355 Len=1000
205,13.443074211,10.0.0.4,10.0.0.11,UDP,1042,40625 → 43355 Len=1000
206,13.443128921,10.0.0.5,10.0.0.11,UDP,1042,54689 → 43355 Len=1000
207,13.443231496,10.0.0.7,10.0.0.11,UDP,1042,48543 → 43355 Len=1000
208,13.443418165,10.0.0.10,10.0.0.11,UDP,1042,50757 → 43355 Len=1000
209,13.443763030,10.0.0.2,10.0.0.11,UDP,1042,54797 → 43355 Len=1000
210,13.443801912,10.0.0.8,10.0.0.11,UDP,1042,54374 → 43355 Len=1000
211,13.443881967,10.0.0.3,10.0.0.11,UDP,1042,60815 → 43355 Len=1000
212,13.444320355,10.0.0.6,10.0.0.11,UDP,1042,60216 → 43355 Len=1000
213,13.445195536,10.0.0.2,10.0.0.11,UDP,1042,54797 → 43355 Len=1000
214,13.445288903,10.0.0.3,10.0.0.11,UDP,1042,60815 → 43355 Len=1000
215,13.445416738,10.0.0.9,10.0.0.11,UDP,1042,38380 → 43355 Len=1000
216,13.445448342,10.0.0.7,10.0.0.11,UDP,1042,48543 → 43355 Len=1000
217,13.445475801,10.0.0.8,10.0.0.11,UDP,1042,54374 → 43355 Len=1000
218,13.445505839,10.0.0.4,10.0.0.11,UDP,1042,40625 → 43355 Len=1000
219,13.445535580,10.0.0.1,10.0.0.11,UDP,1042,57557 → 43355 Len=1000
220,13.445810800,10.0.0.5,10.0.0.11,UDP,1042,54689 → 43355 Len=1000
221,13.445863469,10.0.0.10,10.0.0.11,UDP,1042,50757 → 43355 Len=1000
222,13.446193198,10.0.0.6,10.0.0.11,UDP,1042,60216 → 43355 Len=1000
223,13.447245623,10.0.0.4,10.0.0.11,UDP,1042,40625 → 43355 Len=1000
224,13.447428068,10.0.0.9,10.0.0.11,UDP,1042,38380 → 43355 Len=1000
225,13.447672982,10.0.0.3,10.0.0.11,UDP,1042,60815 → 43355 Len=1000
226,13.447705306,10.0.0.2,10.0.0.11,UDP,1042,54797 → 43355 Len=1000
227,13.447760035,10.0.0.7,10.0.0.11,UDP,1042,48543 → 43355 Len=1000
228,13.448022542,10.0.0.10,10.0.0.11,UDP,1042,50757 → 43355 Len=1000
229,13.448424508,10.0.0.8,10.0.0.11,UDP,1042,54374 → 43355 Len=1000
230,13.448457496,10.0.0.5,10.0.0.11,UDP,1042,54689 → 43355 Len=1000
231,13.448499985,10.0.0.1,10.0.0.11,UDP,1042,57557 → 43355 Len=1000
232,13.448527994,10.0.0.6,10.0.0.11,UDP,1042,60216 → 43355 Len=1000
233,13.449329470,10.0.0.10,10.0.0.11,UDP,1042,50757 → 43355 Len=1000
234,13.449438417,10.0.0.2,10.0.0.11,UDP,1042,54797 → 43355 Len=1000
235,13.449798144,10.0.0.6,10.0.0.11,UDP,1042,60216 → 43355 Len=1000
236,13.449915761,10.0.0.4,10.0.0.11,UDP,1042,40625 → 43355 Len=1000
237,13.450185331,10.0.0.3,10.0.0.11,UDP,1042,60815 → 43355 Len=1000
238,13.450215429,10.0.0.9,10.0.0.11,UDP,1042,38380 → 43355 Len=1000
239,13.450828137,10.0.0.5,10.0.0.11,UDP,1042,54689 → 43355 Len=1000
240,13.450859392,10.0.0.7,10.0.0.11,UDP,1042,48543 → 43355 Len=1000
241,13.450881653,10.0.0.10,10.0.0.11,UDP,1042,50757 → 43355 Len=1000
242,13.450922777,10.0.0.6,10.0.0.11,UDP,1042,60216 → 43355 Len=1000
243,13.451342883,10.0.0.1,10.0.0.11,UDP,1042,57557 → 43355 Len=1000
244,13.451527332,10.0.0.8,10.0.0.11,UDP,1042,54374 → 43355 Len=1000
245,13.451623280,10.0.0.2,10.0.0.11,UDP,1042,54797 → 43355 Len=1000
246,13.452129592,10.0.0.4,10.0.0.11,UDP,1042,40625 → 43355 Len=1000
247,13.452848937,10.0.0.9,10.0.0.11,UDP,1042,38380 → 43355 Len=1000
248,13.452888333,10.0.0.1,10.0.0.11,UDP,1042,57557 → 43355 Len=1000
249,13.452931608,10.0.0.3,10.0.0.11,UDP,1042,60815 → 43355 Len=1000
250,13.452960257,10.0.0.6,10.0.0.11,UDP,1042,60216 → 43355 Len=1000
251,13.453036577,10.0.0.5,10.0.0.11,UDP,1042,54689 → 43355 Len=1000
252,13.453466962,10.0.0.10,10.0.0.11,UDP,1042,50757 → 43355 Len=1000
253,13.453755895,10.0.0.7,10.0.0.11,UDP,1042,48543 → 43355 Len=1000
254,13.454481642,10.0.0.2,10.0.0.11,UDP,1042,54797 → 43355 Len=1000
255,13.454516743,10.0.0.4,10.0.0.11,UDP,1042,40625 → 43355 Len=1000
256,13.454564873,10.0.0.8,10.0.0.11,UDP,1042,54374 → 43355 Len=1000
257,13.454591592,10.0.0.9,10.0.0.11,UDP,1042,38380 → 43355 Len=1000
258,13.454665082,10.0.0.5,10.0.0.11,UDP,1042,54689 → 43355 Len=1000
259,13.454692348,10.0.0.6,10.0.0.11,UDP,1042,60216 → 43355 Len=1000
260,13.455011459,10.0.0.3,10.0.0.11,UDP,1042,60815 → 43355 Len=1000
261,13.455320764,10.0.0.1,10.0.0.11,UDP,1042,57557 → 43355 Len=1000
262,13.455652093,10.0.0.10,10.0.0.11,UDP,1042,50757 → 43355 Len=1000
263,13.455680472,10.0.0.7,10.0.0.11,UDP,1042,48543 → 43355 Len=1000
264,13.456116853,10.0.0.5,10.0.0.11,UDP,1042,54689 → 43355 Len=1000
265,13.456453924,10.0.0.2,10.0.0.11,UDP,1042,54797 → 43355 Len=1000
266,13.456870143,10.0.0.4,10.0.0.11,UDP,1042,40625 → 43355 Len=1000
267,13.456900586,10.0.0.8,10.0.0.11,UDP,1042,54374 → 43355 Len=1000
268,13.456925922,10.0.0.9,10.0.0.11,UDP,1042,38380 → 43355 Len=1000
269,13.456948701,10.0.0.1,10.0.0.11,UDP,1042,57557 → 43355 Len=1000
270,13.457326179,10.0.0.3,10.0.0.11,UDP,1042,60815 → 43355 Len=1000
271,13.457415663,10.0.0.10,10.0.0.11,UDP,1042,50757 → 43355 Len=1000
272,13.457714257,10.0.0.6,10.0.0.11,UDP,1042,60216 → 43355 Len=1000
273,13.458295444,10.0.0.2,10.0.0.11,UDP,1042,54797 → 43355 Len=1000
274,13.458608853,10.0.0.7,10.0.0.11,UDP,1042,48543 → 43355 Len=1000
275,13.458648518,10.0.0.4,10.0.0.11,UDP,1042,40625 → 43355 Len=1000
276,13.458676547,10.0.0.5,10.0.0.11,UDP,1042,54689 → 43355 Len=1000
277,13.458792606,10.0.0.8,10.0.0.11,UDP,1042,54374 → 43355 Len=1000
278,13.458915420,10.0.0.1,10.0.0.11,UDP,1042,57557 → 43355 Len=1000
279,13.458957199,10.0.0.10,10.0.0.11,UDP,1042,50757 → 43355 Len=1000
280,13.459284120,10.0.0.9,10.0.0.11,UDP,1042,38380 → 43355 Len=1000
281,13.459403348,10.0.0.6,10.0.0.11,UDP,1042,60216 → 43355 Len=1000
282,13.459744307,10.0.0.7,10.0.0.11,UDP,1042,48543 → 43355 Len=1000
283,13.460119046,10.0.0.2,10.0.0.11,UDP,1042,54797 → 43355 Len=1000
284,13.460414084,10.0.0.3,10.0.0.11,UDP,1042,60815 → 43355 Len=1000
285,13.460622946,10.0.0.5,10.0.0.11,UDP,1042,54689 → 43355 Len=1000
286,13.460913904,10.0.0.10,10.0.0.11,UDP,1042,50757 → 43355 Len=1000
287,13.461028250,10.0.0.4,10.0.0.11,UDP,1042,40625 → 43355 Len=1000
288,13.461279618,10.0.0.1,10.0.0.11,UDP,1042,57557 → 43355 Len=1000
289,13.461546953,10.0.0.8,10.0.0.11,UDP,1042,54374 → 43355 Len=1000
290,13.461572995,10.0.0.6,10.0.0.11,UDP,1042,60216 → 43355 Len=1000
291,13.461954511,10.0.0.9,10.0.0.11,UDP,1042,38380 → 43355 Len=1000
292,13.462206541,10.0.0.2,10.0.0.11,UDP,1042,54797 → 43355 Len=1000
293,13.462571501,10.0.0.3,10.0.0.11,UDP,1042,60815 → 43355 Len=1000
294,13.462722533,10.0.0.7,10.0.0.11,UDP,1042,48543 → 43355 Len=1000
295,13.463240460,10.0.0.5,10.0.0.11,UDP,1042,54689 → 43355 Len=1000
296,13.463347846,10.0.0.6,10.0.0.11,UDP,1042,60216 → 43355 Len=1000
297,13.463452325,10.0.0.8,10.0.0.11,UDP,1042,54374 → 43355 Len=1000
298,13.463774223,10.0.0.4,10.0.0.11,UDP,1042,40625 → 43355 Len=1000
299,13.463803576,10.0.0.1,10.0.0.11,UDP,1042,57557 → 43355 Len=1000
300,13.463874397,10.0.0.10,10.0.0.11,UDP,1042,50757 → 43355 Len=1000
301,13.464399365,10.0.0.9,10.0.0.11,UDP,1042,38380 → 43355 Len=1000
302,13.464671272,10.0.0.3,10.0.0.11,UDP,1042,60815 → 43355 Len=1000
303,13.464778386,10.0.0.2,10.0.0.11,UDP,1042,54797 → 43355 Len=1000
304,13.464803907,10.0.0.7,10.0.0.11,UDP,1042,48543 → 43355 Len=1000
305,13.464880718,10.0.0.6,10.0.0.11,UDP,1042,60216 → 43355 Len=1000
306,13.465848153,10.0.0.4,10.0.0.11,UDP,1042,40625 → 43355 Len=1000
307,13.466035709,10.0.0.6,10.0.0.11,UDP,1042,60216 → 43355 Len=1000
308,13.466258634,10.0.0.5,10.0.0.11,UDP,1042,54689 → 43355 Len=1000
309,13.466290075,10.0.0.10,10.0.0.11,UDP,1042,50757 → 43355 Len=1000
310,13.466317189,10.0.0.8,10.0.0.11,UDP,1042,54374 → 43355 Len=1000
311,13.466808170,10.0.0.1,10.0.0.11,UDP,1042,57557 → 43355 Len=1000
312,13.467219742,10.0.0.9,10.0.0.11,UDP,1042,38380 → 43355 Len=1000
313,13.467309480,10.0.0.3,10.0.0.11,UDP,1042,60815 → 43355 Len=1000
314,13.467340038,10.0.0.7,10.0.0.11,UDP,1042,48543 → 43355 Len=1000
315,13.467707438,10.0.0.2,10.0.0.11,UDP,1042,54797 → 43355 Len=1000
316,13.467742678,10.0.0.4,10.0.0.11,UDP,1042,40625 → 43355 Len=1000
317,13.467793693,10.0.0.8,10.0.0.11,UDP,1042,54374 → 43355 Len=1000
318,13.467884127,10.0.0.5,10.0.0.11,UDP,1042,54689 → 43355 Len=1000
319,13.468681950,10.0.0.6,10.0.0.11,UDP,1042,60216 → 43355 Len=1000
320,13.468726527,10.0.0.10,10.0.0.11,UDP,1042,50757 → 43355 Len=1000
321,13.468863405,10.0.0.9,10.0.0.11,UDP,1042,38380 → 43355 Len=1000
322,13.469300506,10.0.0.4,10.0.0.11,UDP,1042,40625 → 43355 Len=1000
323,13.469568519,10.0.0.7,10.0.0.11,UDP,1042,48543 → 43355 Len=1000
324,13.469651774,10.0.0.1,10.0.0.11,UDP,1042,57557 → 43355 Len=1000
325,13.469679462,10.0.0.2,10.0.0.11,UDP,1042,54797 → 43355 Len=1000
326,13.469993878,10.0.0.10,10.0.0.11,UDP,1042,50757 → 43355 Len=1000
327,13.470104558,10.0.0.3,10.0.0.11,UDP,1042,60815 → 43355 Len=1000
328,13.470387802,10.0.0.8,10.0.0.11,UDP,1042,54374 → 43355 Len=1000
329,13.470739735,10.0.0.5,10.0.0.11,UDP,1042,54689 → 43355 Len=1000
330,13.470839433,10.0.0.4,10.0.0.11,UDP,1042,40625 → 43355 Len=1000
331,13.470864340,10.0.0.6,10.0.0.11,UDP,1042,60216 → 43355 Len=1000
332,13.471121081,10.0.0.9,10.0.0.11,UDP,1042,38380 → 43355 Len=1000
333,13.471385238,10.0.0.10,10.0.0.11,UDP,1042,50757 → 43355 Len=1000
334,13.471574290,10.0.0.1,10.0.0.11,UDP,1042,57557 → 43355 Len=1000
335,13.471599575,10.0.0.3,10.0.0.11,UDP,1042,60815 → 43355 Len=1000
336,13.472055288,10.0.0.7,10.0.0.11,UDP,1042,48543 → 43355 Len=1000
337,13.472080698,10.0.0.4,10.0.0.11,UDP,1042,40625 → 43355 Len=1000
338,13.472124081,10.0.0.2,10.0.0.11,UDP,1042,54797 → 43355 Len=1000
339,13.472148028,10.0.0.8,10.0.0.11,UDP,1042,54374 → 43355 Len=1000
340,13.472544745,10.0.0.9,10.0.0.11,UDP,1042,38380 → 43355 Len=1000
341,13.472679016,10.0.0.6,10.0.0.11,UDP,1042,60216 → 43355 Len=1000
342,13.472916850,10.0.0.1,10.0.0.11,UDP,1042,57557 → 43355 Len=1000
343,13.473589039,10.0.0.2,10.0.0.11,UDP,1042,54797 → 43355 Len=1000
344,13.473717260,10.0.0.5,10.0.0.11,UDP,1042,54689 → 43355 Len=1000
345,13.474300513,10.0.0.3,10.0.0.11,UDP,1042,60815 → 43355 Len=1000
346,13.474333691,10.0.0.10,10.0.0.11,UDP,1042,50757 → 43355 Len=1000
347,13.474429160,10.0.0.9,10.0.0.11,UDP,1042,38380 → 43355 Len=1000
348,13.474681938,10.0.0.6,10.0.0.11,UDP,1042,60216 → 43355 Len=1000
349,13.474711522,10.0.0.1,10.0.0.11,UDP,1042,57557 → 43355 Len=1000
350,13.474843868,10.0.0.8,10.0.0.11,UDP,1042,54374 → 43355 Len=1000
351,13.475096176,10.0.0.7,10.0.0.11,UDP,1042,48543 → 43355 Len=1000
352,13.475129766,10.0.0.4,10.0.0.11,UDP,1042,40625 → 43355 Len=1000
353,13.475861528,10.0.0.9,10.0.0.11,UDP,1042,38380 → 43355 Len=1000
354,13.475890786,10.0.0.5,10.0.0.11,UDP,1042,54689 → 43355 Len=1000
355,13.475914345,10.0.0.3,10.0.0.11,UDP,1042,60815 → 43355 Len=1000
356,13.476140354,10.0.0.2,10.0.0.11,UDP,1042,54797 → 43355 Len=1000
357,13.477033112,10.0.0.1,10.0.0.11,UDP,1042,57557 → 43355 Len=1000
358,13.477059327,10.0.0.9,10.0.0.11,UDP,1042,38380 → 43355 Len=1000
359,13.477080726,10.0.0.7,10.0.0.11,UDP,1042,48543 → 43355 Len=1000
360,13.477102783,10.0.0.6,10.0.0.11,UDP,1042,60216 → 43355 Len=1000
361,13.477135067,10.0.0.10,10.0.0.11,UDP,1042,50757 → 43355 Len=1000
362,13.477254845,10.0.0.5,10.0.0.11,UDP,1042,54689 → 43355 Len=1000
363,13.477575531,10.0.0.4,10.0.0.11,UDP,1042,40625 → 43355 Len=1000
364,13.477958207,10.0.0.8,10.0.0.11,UDP,1042,54374 → 43355 Len=1000
365,13.477986392,10.0.0.2,10.0.0.11,UDP,1042,54797 → 43355 Len=1000
366,13.478066836,10.0.0.3,10.0.0.11,UDP,1042,60815 → 43355 Len=1000
367,13.478814312,10.0.0.9,10.0.0.11,UDP,1042,38380 → 43355 Len=1000
368,13.479026321,10.0.0.6,10.0.0.11,UDP,1042,60216 → 43355 Len=1000
369,13.479055990,10.0.0.7,10.0.0.11,UDP,1042,48543 → 43355 Len=1000
370,13.479461321,10.0.0.1,10.0.0.11,UDP,1042,57557 → 43355 Len=1000
371,13.479595142,10.0.0.8,10.0.0.11,UDP,1042,54374 → 43355 Len=1000
372,13.479704122,10.0.0.10,10.0.0.11,UDP,1042,50757 → 43355 Len=1000
373,13.479974702,10.0.0.4,10.0.0.11,UDP,1042,40625 → 43355 Len=1000
374,13.480257330,10.0.0.2,10.0.0.11,UDP,1042,54797 → 43355 Len=1000
375,13.480283823,10.0.0.9,10.0.0.11,UDP,1042,38380 → 43355 Len=1000
376,13.480310637,10.0.0.5,10.0.0.11,UDP,1042,54689 → 43355 Len=1000
377,13.480567608,10.0.0.3,10.0.0.11,UDP,1042,60815 → 43355 Len=1000
378,13.480657919,10.0.0.1,10.0.0.11,UDP,1042,57557 → 43355 Len=1000
379,13.481036424,10.0.0.6,10.0.0.11,UDP,1042,60216 → 43355 Len=1000
380,13.481314407,10.0.0.4,10.0.0.11,UDP,1042,40625 → 43355 Len=1000
381,13.481543356,10.0.0.5,10.0.0.11,UDP,1042,54689 → 43355 Len=1000
382,13.481649106,10.0.0.8,10.0.0.11,UDP,1042,54374 → 43355 Len=1000
383,13.481989331,10.0.0.7,10.0.0.11,UDP,1042,48543 → 43355 Len=1000
384,13.482296375,10.0.0.10,10.0.0.11,UDP,1042,50757 → 43355 Len=1000
385,13.482328056,10.0.0.1,10.0.0.11,UDP,1042,57557 → 43355 Len=1000
386,13.482368780,10.0.0.3,10.0.0.11,UDP,1042,60815 → 43355 Len=1000
387,13.482714385,10.0.0.5,10.0.0.11,UDP,1042,54689 → 43355 Len=1000
388,13.482819735,10.0.0.2,10.0.0.11,UDP,1042,54797 → 43355 Len=1000
389,13.482847424,10.0.0.9,10.0.0.11,UDP,1042,38380 → 43355 Len=1000
390,13.482931079,10.0.0.8,10.0.0.11,UDP,1042,54374 → 43355 Len=1000
391,13.483167239,10.0.0.6,10.0.0.11,UDP,1042,60216 → 43355 Len=1000
392,13.483448488,10.0.0.7,10.0.0.11,UDP,1042,48543 → 43355 Len=1000
393,13.484012166,10.0.0.4,10.0.0.11,UDP,1042,40625 → 43355 Len=1000
394,13.484096466,10.0.0.3,10.0.0.11,UDP,1042,60815 → 43355 Len=1000
395,13.484167636,10.0.0.10,10.0.0.11,UDP,1042,50757 → 43355 Len=1000
396,13.484704758,10.0.0.5,10.0.0.11,UDP,1042,54689 → 43355 Len=1000
397,13.484796412,10.0.0.1,10.0.0.11,UDP,1042,57557 → 43355 Len=1000
398,13.484882751,10.0.0.9,10.0.0.11,UDP,1042,38380 → 43355 Len=1000
399,13.484927346,10.0.0.6,10.0.0.11,UDP,1042,60216 → 43355 Len=1000
400,13.484993698,10.0.0.8,10.0.0.11,UDP,1042,54374 → 43355 Len=1000
401,13.485034285,10.0.0.2,10.0.0.11,UDP,1042,54797 → 43355 Len=1000
402,13.485499429,10.0.0.4,10.0.0.11,UDP,1042,40625 → 43355 Len=1000
403,13.485911809,10.0.0.7,10.0.0.11,UDP,1042,48543 → 43355 Len=1000
404,13.486202616,10.0.0.9,10.0.0.11,UDP,1042,38380 → 43355 Len=1000
405,13.486231601,10.0.0.5,10.0.0.11,UDP,1042,54689 → 43355 Len=1000
406,13.486560809,10.0.0.1,10.0.0.11,UDP,1042,57557 → 43355 Len=1000
407,13.486589095,10.0.0.8,10.0.0.11,UDP,1042,54374 → 43355 Len=1000
408,13.486730185,10.0.0.10,10.0.0.11,UDP,1042,50757 → 43355 Len=1000
409,13.487042932,10.0.0.3,10.0.0.11,UDP,1042,60815 → 43355 Len=1000
410,13.487111154,10.0.0.2,10.0.0.11,UDP,1042,54797 → 43355 Len=1000
411,13.488018551,10.0.0.5,10.0.0.11,UDP,1042,54689 → 43355 Len=1000
412,13.488050178,10.0.0.6,10.0.0.11,UDP,1042,60216 → 43355 Len=1000
413,13.488076322,10.0.0.7,10.0.0.11,UDP,1042,48543 → 43355 Len=1000
414,13.488101976,10.0.0.4,10.0.0.11,UDP,1042,40625 → 43355 Len=1000
415,13.488209230,10.0.0.1,10.0.0.11,UDP,1042,57557 → 43355 Len=1000
416,13.488606522,10.0.0.9,10.0.0.11,UDP,1042,38380 → 43355 Len=1000
417,13.488635535,10.0.0.3,10.0.0.11,UDP,1042,60815 → 43355 Len=1000
418,13.488695501,10.0.0.10,10.0.0.11,UDP,1042,50757 → 43355 Len=1000
419,13.489410253,10.0.0.8,10.0.0.11,UDP,1042,54374 → 43355 Len=1000
420,13.489440778,10.0.0.2,10.0.0.11,UDP,1042,54797 → 43355 Len=1000
421,13.489559331,10.0.0.5,10.0.0.11,UDP,1042,54689 → 43355 Len=1000
422,13.490023351,10.0.0.1,10.0.0.11,UDP,1042,57557 → 43355 Len=1000
423,13.490279996,10.0.0.9,10.0.0.11,UDP,1042,38380 → 43355 Len=1000
424,13.490452995,10.0.0.4,10.0.0.11,UDP,1042,40625 → 43355 Len=1000
425,13.490701557,10.0.0.6,10.0.0.11,UDP,1042,60216 → 43355 Len=1000
426,13.490774551,10.0.0.3,10.0.0.11,UDP,1042,60815 → 43355 Len=1000
427,13.490877090,10.0.0.5,10.0.0.11,UDP,1042,54689 → 43355 Len=1000
428,13.490918589,10.0.0.10,10.0.0.11,UDP,1042,50757 → 43355 Len=1000
429,13.490985719,10.0.0.7,10.0.0.11,UDP,1042,48543 → 43355 Len=1000
430,13.491247022,10.0.0.8,10.0.0.11,UDP,1042,54374 → 43355 Len=1000
431,13.492018450,10.0.0.9,10.0.0.11,UDP,1042,38380 → 43355 Len=1000
432,13.492320381,10.0.0.2,10.0.0.11,UDP,1042,54797 → 43355 Len=1000
433,13.492535964,10.0.0.1,10.0.0.11,UDP,1042,57557 → 43355 Len=1000
434,13.492815588,10.0.0.7,10.0.0.11,UDP,1042,48543 → 43355 Len=1000
435,13.492844774,10.0.0.4,10.0.0.11,UDP,1042,40625 → 43355 Len=1000
436,13.492867847,10.0.0.8,10.0.0.11,UDP,1042,54374 → 43355 Len=1000
437,13.493202249,10.0.0.5,10.0.0.11,UDP,1042,54689 → 43355 Len=1000
438,13.493550713,10.0.0.3,10.0.0.11,UDP,1042,60815 → 43355 Len=1000
439,13.493703615,10.0.0.10,10.0.0.11,UDP,1042,50757 → 43355 Len=1000
440,13.493730987,10.0.0.6,10.0.0.11,UDP,1042,60216 → 43355 Len=1000
441,13.493950144,10.0.0.4,10.0.0.11,UDP,1042,40625 → 43355 Len=1000
442,13.494294063,10.0.0.7,10.0.0.11,UDP,1042,48543 → 43355 Len=1000
443,13.494870956,10.0.0.9,10.0.0.11,UDP,1042,38380 → 43355 Len=1000
444,13.494900599,10.0.0.2,10.0.0.11,UDP,1042,54797 → 43355 Len=1000
445,13.494925784,10.0.0.1,10.0.0.11,UDP,1042,57557 → 43355 Len=1000
446,13.494985284,10.0.0.3,10.0.0.11,UDP,1042,60815 → 43355 Len=1000
447,13.495007739,10.0.0.8,10.0.0.11,UDP,1042,54374 → 43355 Len=1000
448,13.495124455,10.0.0.5,10.0.0.11,UDP,1042,54689 → 43355 Len=1000
449,13.495285112,10.0.0.4,10.0.0.11,UDP,1042,40625 → 43355 Len=1000
450,13.495730301,10.0.0.7,10.0.0.11,UDP,1042,48543 → 43355 Len=1000
451,13.496285415,10.0.0.10,10.0.0.11,UDP,1042,50757 → 43355 Len=1000
452,13.496688071,10.0.0.6,10.0.0.11,UDP,1042,60216 → 43355 Len=1000
453,13.496726980,10.0.0.9,10.0.0.11,UDP,1042,38380 → 43355 Len=1000
454,13.497083432,10.0.0.8,10.0.0.11,UDP,1042,54374 → 43355 Len=1000
455,13.497416044,10.0.0.7,10.0.0.11,UDP,1042,48543 → 43355 Len=1000
456,13.497445831,10.0.0.1,10.0.0.11,UDP,1042,57557 → 43355 Len=1000
457,13.497536911,10.0.0.3,10.0.0.11,UDP,1042,60815 → 43355 Len=1000
458,13.497756202,10.0.0.4,10.0.0.11,UDP,1042,40625 → 43355 Len=1000
459,13.497787192,10.0.0.2,10.0.0.11,UDP,1042,54797 → 43355 Len=1000
460,13.498033153,10.0.0.5,10.0.0.11,UDP,1042,54689 → 43355 Len=1000
461,13.498498206,10.0.0.10,10.0.0.11,UDP,1042,50757 → 43355 Len=1000
462,13.499098703,10.0.0.6,10.0.0.11,UDP,1042,60216 → 43355 Len=1000
463,13.499213962,10.0.0.9,10.0.0.11,UDP,1042,38380 → 43355 Len=1000
464,13.499290602,10.0.0.4,10.0.0.11,UDP,1042,40625 → 43355 Len=1000
465,13.499323546,10.0.0.2,10.0.0.11,UDP,1042,54797 → 43355 Len=1000
466,13.499353417,10.0.0.3,10.0.0.11,UDP,1042,60815 → 43355 Len=1000
467,13.499461882,10.0.0.8,10.0.0.11,UDP,1042,54374 → 43355 Len=1000
468,13.499802709,10.0.0.7,10.0.0.11,UDP,1042,48543 → 43355 Len=1000
469,13.499868237,10.0.0.5,10.0.0.11,UDP,1042,54689 → 43355 Len=1000
